%YAML:1.0
---
calibration_time: "Mon 17 Apr 2017 03:07:40 PM MDT"
nframes: 10
image_width: 432
image_height: 240
board_width: 7
board_height: 7
square_size: 1.
aspectRatio: 1.
flags: 2
camera_matrix: !!opencv-matrix
   rows: 3
   cols: 3
   dt: d
   data: [ 2.2129155333257336e+02, 0., 2.0091678121414259e+02, 0.,
       2.2129155333257336e+02, 1.0177788001630340e+02, 0., 0., 1. ]
distortion_coefficients: !!opencv-matrix
   rows: 5
   cols: 1
   dt: d
   data: [ -6.5488133617570299e-01, 1.3816186482224149e+00,
       5.2278038982894716e-02, 1.6250336992865379e-03,
       -1.5641036587662871e+00 ]
avg_reprojection_error: 3.2623555542445568e+00
per_view_reprojection_errors: !!opencv-matrix
   rows: 10
   cols: 1
   dt: f
   data: [ 3.51039171e+00, 3.56968331e+00, 3.77021408e+00,
       3.43828511e+00, 3.33897972e+00, 3.26704454e+00, 3.40658975e+00,
       4.19430494e+00, 1.86868930e+00, 9.03558314e-01 ]
extrinsic_parameters: !!opencv-matrix
   rows: 10
   cols: 6
   dt: d
   data: [ -8.9538646917109510e-01, -1.9537087362427427e-01,
       -1.1480022580712208e-01, -6.4948080975201306e+00,
       2.3224913055851776e-01, 1.4230935095063748e+01,
       -8.3815455654710880e-01, 5.0777273244384058e-01,
       1.3503496055312314e+00, -4.4709692354518410e-01,
       -1.0185720236134072e-01, 1.5516600514743818e+01,
       -8.7269309783770921e-01, 9.6115006923127647e-03,
       -1.9781191096488484e-02, -2.2165812868652615e+00,
       -3.9533955353920583e-02, 1.5084179957704912e+01,
       -6.2426587545261980e-01, 2.5590477760487990e-01,
       2.9242272255119047e-02, 8.7254491032173731e-01,
       -3.4419648725061043e+00, 1.3305981958523898e+01,
       -6.8719591937673907e-01, 1.0632187468391804e-01,
       1.1764076132467324e-02, -1.1639592273745856e+00,
       -2.2688347636400570e+00, 1.3736897450551119e+01,
       -5.9902346145303353e-01, -2.0517734831711654e-02,
       -4.7664198241473407e-03, -3.6986180932947033e+00,
       -3.5547062118265869e+00, 1.3001598381981722e+01,
       -2.8438229933752224e-01, -5.7046829838579838e-01,
       -1.5821606504692161e+00, -5.3758961971628354e+00,
       8.5625298653794191e-01, 9.2493287249378096e+00,
       -4.9293350775506056e-01, 1.6423292498430242e-01,
       1.3757964940233161e+00, -2.0176474626824970e+00,
       -4.8401832898466237e+00, 1.2898568600349758e+01,
       -2.3794422526775716e-02, 1.5723421984601973e-01,
       1.3258932469164981e+00, 8.0163656350212231e-01,
       -5.2659358695901686e+00, 1.0865608607887740e+01,
       -3.3286444988716773e-02, -2.3293466672626711e-01,
       1.2664066996876537e+00, 2.3310326438757318e+00,
       -4.6366278219231170e+00, 1.0932302178734560e+01 ]
image_points: !!opencv-matrix
   rows: 10
   cols: 49
   dt: "2f"
   data: [ 1.06195992e+02, 1.13571167e+02, 1.20537140e+02,
       1.12463593e+02, 1.34496246e+02, 1.12241928e+02, 1.50273193e+02,
       1.11256119e+02, 1.64376892e+02, 1.10578773e+02, 1.79601395e+02,
       1.09942993e+02, 1.93375626e+02, 1.09217926e+02, 1.05933022e+02,
       1.13559769e+02, 1.20659760e+02, 1.12539490e+02, 1.34598206e+02,
       1.12289909e+02, 1.50230499e+02, 1.11402878e+02, 1.64376617e+02,
       1.10599594e+02, 1.79600357e+02, 1.10089233e+02, 1.94944626e+02,
       1.14083054e+02, 1.04474434e+02, 1.24696281e+02, 1.18509300e+02,
       1.24121788e+02, 1.34586761e+02, 1.22551689e+02, 1.49338089e+02,
       1.22392487e+02, 1.65326981e+02, 1.20766541e+02, 1.80526352e+02,
       1.19888275e+02, 1.96503418e+02, 1.19728043e+02, 1.01790695e+02,
       1.36006165e+02, 1.17355278e+02, 1.36118423e+02, 1.32645447e+02,
       1.34908737e+02, 1.49537537e+02, 1.33610092e+02, 1.65138458e+02,
       1.33182312e+02, 1.82436508e+02, 1.32286499e+02, 1.98012634e+02,
       1.30756378e+02, 9.85796738e+01, 1.55437149e+02, 1.14829323e+02,
       1.54996033e+02, 1.31760910e+02, 1.54246246e+02, 1.49385773e+02,
       1.53131348e+02, 1.67049530e+02, 1.52065109e+02, 1.84739471e+02,
       1.50812027e+02, 2.02042511e+02, 1.49439499e+02, 9.62976227e+01,
       1.70528778e+02, 1.13304535e+02, 1.70263199e+02, 1.31329269e+02,
       1.69283386e+02, 1.49621246e+02, 1.68359283e+02, 1.68290375e+02,
       1.67052109e+02, 1.86844315e+02, 1.65514587e+02, 2.05312225e+02,
       1.63832932e+02, 9.41801147e+01, 1.87106888e+02, 1.11945030e+02,
       1.86723297e+02, 1.30858307e+02, 1.86131378e+02, 1.50286758e+02,
       1.84870270e+02, 1.69935425e+02, 1.83534393e+02, 1.89527130e+02,
       1.81725555e+02, 2.08750717e+02, 1.79752213e+02, 1.96516785e+02,
       1.06333466e+02, 1.97641846e+02, 1.10775543e+02, 1.99296280e+02,
       1.16355537e+02, 2.01140289e+02, 1.27660698e+02, 2.05405136e+02,
       1.46413727e+02, 2.08649506e+02, 1.60839249e+02, 2.12286880e+02,
       1.76601608e+02, 1.82901886e+02, 1.07348785e+02, 1.82877121e+02,
       1.07352295e+02, 1.83384964e+02, 1.16444489e+02, 1.85540527e+02,
       1.27740067e+02, 1.88208939e+02, 1.47514877e+02, 1.90447495e+02,
       1.62275299e+02, 1.93122025e+02, 1.78386536e+02, 1.67527069e+02,
       1.07591072e+02, 1.67528412e+02, 1.07882774e+02, 1.68504807e+02,
       1.17042595e+02, 1.68537628e+02, 1.30119644e+02, 1.70371231e+02,
       1.48430832e+02, 1.71672470e+02, 1.63604019e+02, 1.73531876e+02,
       1.80172974e+02, 1.53321945e+02, 1.07373711e+02, 1.53320679e+02,
       1.07434784e+02, 1.52325256e+02, 1.18382866e+02, 1.52630829e+02,
       1.30499039e+02, 1.52678436e+02, 1.49711304e+02, 1.53169266e+02,
       1.64624237e+02, 1.53752380e+02, 1.81375916e+02, 1.37685623e+02,
       1.07998352e+02, 1.37700821e+02, 1.08278587e+02, 1.37297638e+02,
       1.18645622e+02, 1.36086838e+02, 1.31313553e+02, 1.35018433e+02,
       1.50439011e+02, 1.34490387e+02, 1.65658112e+02, 1.34351669e+02,
       1.82387634e+02, 1.18488693e+02, 1.03623108e+02, 1.23437546e+02,
       1.08671997e+02, 1.21489143e+02, 1.20073044e+02, 1.20039040e+02,
       1.31976349e+02, 1.17829842e+02, 1.51038071e+02, 1.16530319e+02,
       1.66298584e+02, 1.15273613e+02, 1.83056503e+02, 1.08775787e+02,
       1.09541023e+02, 1.08776474e+02, 1.09566467e+02, 1.07347824e+02,
       1.20614403e+02, 1.04172531e+02, 1.32387207e+02, 1.01400665e+02,
       1.51485199e+02, 9.90849304e+01, 1.66679352e+02, 9.71297684e+01,
       1.83386978e+02, 1.66591705e+02, 1.06922195e+02, 1.82034912e+02,
       1.07216110e+02, 1.96824066e+02, 1.07226746e+02, 2.12413345e+02,
       1.07118210e+02, 2.26579193e+02, 1.07246628e+02, 2.48709824e+02,
       1.06637627e+02, 2.60332703e+02, 1.02239639e+02, 1.66590073e+02,
       1.07085571e+02, 1.82041702e+02, 1.07291069e+02, 1.96812469e+02,
       1.07235970e+02, 2.12413223e+02, 1.07140732e+02, 2.26567947e+02,
       1.07278954e+02, 2.48704346e+02, 1.06637863e+02, 2.58267975e+02,
       1.06936867e+02, 1.65573456e+02, 1.18638344e+02, 1.80979889e+02,
       1.18317581e+02, 1.97290771e+02, 1.17827156e+02, 2.12642700e+02,
       1.18247627e+02, 2.29007065e+02, 1.17590721e+02, 2.43547989e+02,
       1.17579262e+02, 2.58990417e+02, 1.17258537e+02, 1.64237183e+02,
       1.30602432e+02, 1.80846069e+02, 1.31300903e+02, 1.97178070e+02,
       1.31050476e+02, 2.14739838e+02, 1.35289581e+02, 2.30407852e+02,
       1.30244385e+02, 2.47387222e+02, 1.28566925e+02, 2.61749054e+02,
       1.28848480e+02, 1.62003281e+02, 1.49523819e+02, 1.79854843e+02,
       1.49598846e+02, 1.98294159e+02, 1.49289932e+02, 2.16231750e+02,
       1.48994751e+02, 2.33983505e+02, 1.48564941e+02, 2.50956802e+02,
       1.48061539e+02, 2.67551239e+02, 1.47590836e+02, 1.60750839e+02,
       1.64835693e+02, 1.79642929e+02, 1.64700424e+02, 1.98683243e+02,
       1.64662003e+02, 2.17793961e+02, 1.64384979e+02, 2.36391953e+02,
       1.63511185e+02, 2.54411804e+02, 1.62627380e+02, 2.71563751e+02,
       1.61683594e+02, 1.59591965e+02, 1.81688934e+02, 1.79317642e+02,
       1.81675568e+02, 1.99421310e+02, 1.81624329e+02, 2.19391266e+02,
       1.80928406e+02, 2.39061035e+02, 1.79807495e+02, 2.57865112e+02,
       1.78495880e+02, 2.75765564e+02, 1.77354584e+02, 2.12299820e+02,
