%YAML:1.0
---
calibration_time: "Mon 17 Apr 2017 03:06:22 PM MDT"
nframes: 10
image_width: 1280
image_height: 720
board_width: 7
board_height: 7
square_size: 1.
aspectRatio: 1.
flags: 2
camera_matrix: !!opencv-matrix
   rows: 3
   cols: 3
   dt: d
   data: [ 6.1007466288840271e+02, 0., 6.6345570670991822e+02, 0.,
       6.1007466288840271e+02, 3.6789308605008875e+02, 0., 0., 1. ]
distortion_coefficients: !!opencv-matrix
   rows: 5
   cols: 1
   dt: d
   data: [ -3.1383681895306209e-01, 1.3550335824254728e-01,
       4.6576864746896882e-04, -1.2181207806463894e-03,
       -3.1228667159318872e-02 ]
avg_reprojection_error: 2.2036458376377918e-01
per_view_reprojection_errors: !!opencv-matrix
   rows: 10
   cols: 1
   dt: f
   data: [ 2.19796345e-01, 2.09297240e-01, 2.22475082e-01,
       2.29943126e-01, 1.91560119e-01, 2.44834423e-01, 2.27114767e-01,
       2.31241092e-01, 1.90240458e-01, 2.30730474e-01 ]
extrinsic_parameters: !!opencv-matrix
   rows: 10
   cols: 6
   dt: d
   data: [ -4.6004879781299168e-01, 1.8197764681515097e-01,
       4.5836563906484031e-02, 3.1765350035262121e+00,
       -6.2413884599217564e+00, 1.1311953506797504e+01,
       -4.2202779632139414e-01, 1.8229735430279206e-01,
       6.1315453723779945e-02, 3.4993734546110797e+00,
       -6.7520452214530087e+00, 1.0920980910308764e+01,
       -4.9954583307578565e-01, 8.7496252222860879e-02,
       1.7864776468623184e-02, 8.0800596772755784e-01,
       -5.3946400793283491e+00, 1.1949373181957236e+01,
       -5.1449010453086075e-01, 6.8105412861197923e-02,
       1.1548901809466956e-02, 2.8160126525679957e-01,
       -5.1435156819422074e+00, 1.2116436991981107e+01,
       -5.5666194715444872e-01, 3.0085458331594914e-02,
       -3.9510355639594342e-03, -8.9685057148994518e-01,
       -4.1938322202372023e+00, 1.2418964473514041e+01,
       -5.7624331125538608e-01, -2.0282850287075323e-02,
       -1.7823639587432896e-02, -2.1892776603368156e+00,
       -3.6113518657102954e+00, 1.2453268407761003e+01,
       -5.5817341716636459e-01, -9.5105560633380201e-02,
       -4.0298033623478370e-02, -4.2380795246014520e+00,
       -3.7632015633542486e+00, 1.2078265857843222e+01,
       -5.0861140841373298e-01, -1.2844352520319965e-01,
       -3.4622147117852886e-02, -5.0214096225707170e+00,
       -4.7130493916549412e+00, 1.1673966363044672e+01,
       -4.8885736918397771e-01, -1.9878223695627292e-01,
       -8.7173781425907412e-02, -7.1659174102071521e+00,
       -5.1012444945543232e+00, 1.1326306612104302e+01,
       -4.6586215175155843e-01, -2.3323772770446255e-01,
       -1.2068610205977359e-01, -8.3018069934031100e+00,
       -5.4368980845171304e+00, 1.0835298173311415e+01 ]
image_points: !!opencv-matrix
   rows: 10
   cols: 49
   dt: "2f"
   data: [ 8.16641235e+02, 6.61549835e+01, 8.63818787e+02,
       6.66427155e+01, 9.10416992e+02, 6.83694611e+01, 9.55272461e+02,
       7.08693161e+01, 9.98299561e+02, 7.38908615e+01, 1.03944568e+03,
       7.82677460e+01, 1.07842212e+03, 8.30277863e+01, 8.21133179e+02,
       9.51238403e+01, 8.70745422e+02, 9.54828033e+01, 9.19662170e+02,
       9.72950821e+01, 9.66540588e+02, 9.97680740e+01, 1.01149231e+03,
       1.03347137e+02, 1.05417053e+03, 1.07507195e+02, 1.09404492e+03,
       1.12349274e+02, 8.25673889e+02, 1.27516472e+02, 8.78178833e+02,
       1.28225647e+02, 9.29413513e+02, 1.29857330e+02, 9.78625793e+02,
       1.32668213e+02, 1.02524646e+03, 1.35865524e+02, 1.06945007e+03,
       1.40261810e+02, 1.11074609e+03, 1.45180588e+02, 8.30488037e+02,
       1.64509567e+02, 8.85811279e+02, 1.65357040e+02, 9.39944031e+02,
       1.67197586e+02, 9.90990967e+02, 1.69613190e+02, 1.03997192e+03,
       1.73204880e+02, 1.08554333e+03, 1.77088409e+02, 1.12771326e+03,
       1.81560349e+02, 8.35617859e+02, 2.06525879e+02, 8.94089478e+02,
       2.07423691e+02, 9.50904175e+02, 2.09210159e+02, 1.00449194e+03,
       2.11491760e+02, 1.05504456e+03, 2.14575089e+02, 1.10199658e+03,
       2.18124557e+02, 1.14539856e+03, 2.22314713e+02, 8.40475586e+02,
       2.54292984e+02, 9.02368958e+02, 2.55291580e+02, 9.61801941e+02,
       2.56618134e+02, 1.01772961e+03, 2.58530457e+02, 1.07026770e+03,
       2.61267151e+02, 1.11870337e+03, 2.64203735e+02, 1.16290906e+03,
       2.67440979e+02, 8.44898621e+02, 3.08502441e+02, 9.10010193e+02,
       3.09283569e+02, 9.72504944e+02, 3.10319519e+02, 1.03075549e+03,
       3.11505798e+02, 1.08529761e+03, 3.13222839e+02, 1.13497009e+03,
       3.15000183e+02, 1.18000195e+03, 3.17118408e+02, 8.34081177e+02,
       3.78945770e+01, 8.81478699e+02, 3.95354805e+01, 9.28299744e+02,
       4.24341812e+01, 9.73094238e+02, 4.61281128e+01, 1.01627509e+03,
       5.09102669e+01, 1.05716870e+03, 5.65373878e+01, 1.09571973e+03,
       6.26376381e+01, 8.38603210e+02, 6.64343338e+01, 8.88654419e+02,
       6.82954178e+01, 9.37615906e+02, 7.13748932e+01, 9.84592102e+02,
       7.52639236e+01, 1.02943579e+03, 8.02818909e+01, 1.07203198e+03,
       8.61103134e+01, 1.11149988e+03, 9.23559265e+01, 8.43491760e+02,
       9.88127594e+01, 8.96300476e+02, 1.01061180e+02, 9.47827026e+02,
       1.04083885e+02, 9.96796753e+02, 1.07992645e+02, 1.04332520e+03,
       1.13102028e+02, 1.08703687e+03, 1.19087395e+02, 1.12782410e+03,
       1.25295319e+02, 8.48688477e+02, 1.35560165e+02, 9.04377991e+02,
       1.37686127e+02, 9.58419983e+02, 1.41312531e+02, 1.00961169e+03,
       1.45378830e+02, 1.05791345e+03, 1.50253006e+02, 1.10305908e+03,
       1.55957184e+02, 1.14468689e+03, 1.61964981e+02, 8.53980591e+02,
       1.77480301e+02, 9.12636780e+02, 1.79656113e+02, 9.69450623e+02,
       1.83229797e+02, 1.02291718e+03, 1.87337067e+02, 1.07288611e+03,
       1.91933411e+02, 1.11941309e+03, 1.97372589e+02, 1.16185034e+03,
       2.02743149e+02, 8.59269653e+02, 2.25398865e+02, 9.20983765e+02,
       2.27454285e+02, 9.80612732e+02, 2.30843918e+02, 1.03626477e+03,
       2.34414108e+02, 1.08782812e+03, 2.38634659e+02, 1.13562280e+03,
       2.43320724e+02, 1.17914587e+03, 2.48119171e+02, 8.63560852e+02,
       2.79487457e+02, 9.28990356e+02, 2.81570587e+02, 9.91161682e+02,
       2.84411926e+02, 1.04904016e+03, 2.87388214e+02, 1.10256836e+03,
       2.90557037e+02, 1.15151001e+03, 2.94080688e+02, 1.19552783e+03,
       2.98188141e+02, 7.01880737e+02, 1.09071075e+02, 7.50078369e+02,
       1.08605453e+02, 7.97351562e+02, 1.09240128e+02, 8.43715515e+02,
       1.11072784e+02, 8.89022034e+02, 1.13382027e+02, 9.32304016e+02,
       1.16479836e+02, 9.72909241e+02, 1.20062500e+02, 7.02387146e+02,
       1.38838455e+02, 7.52805176e+02, 1.38554535e+02, 8.03130249e+02,
       1.39251404e+02, 8.51822021e+02, 1.40714188e+02, 8.99050598e+02,
       1.43215591e+02, 9.44357483e+02, 1.46287369e+02, 9.86934143e+02,
       1.50002655e+02, 7.02398438e+02, 1.72704178e+02, 7.55849792e+02,
       1.72534348e+02, 8.08699158e+02, 1.72966354e+02, 8.60316711e+02,
       1.74589081e+02, 9.09746887e+02, 1.76826874e+02, 9.56959778e+02,
       1.79711639e+02, 1.00125763e+03, 1.83298050e+02, 7.02631958e+02,
       2.11207977e+02, 7.59223206e+02, 2.10819168e+02, 8.15272400e+02,
       2.11432724e+02, 8.69387268e+02, 2.12722900e+02, 9.21108215e+02,
       2.14695435e+02, 9.70321716e+02, 2.17288361e+02, 1.01611987e+03,
       2.20470306e+02, 7.02564819e+02, 2.54593628e+02, 7.62417297e+02,
       2.54609772e+02, 8.21782959e+02, 2.54851349e+02, 8.78717346e+02,
       2.55810333e+02, 9.32948059e+02, 2.57233337e+02, 9.84074158e+02,
       2.59504761e+02, 1.03128992e+03, 2.61850372e+02, 7.02711731e+02,
       3.03965454e+02, 7.66017029e+02, 3.03681152e+02, 8.28643433e+02,
       3.03850830e+02, 8.88390259e+02, 3.04197754e+02, 9.45106201e+02,
       3.05157471e+02, 9.98104858e+02, 3.06486725e+02, 1.04718311e+03,
       3.07794098e+02, 7.02042358e+02, 3.59520233e+02, 7.68866150e+02,
       3.59272003e+02, 8.35174011e+02, 3.59049561e+02, 8.97563477e+02,
       3.58774902e+02, 9.56886292e+02, 3.58401001e+02, 1.01199109e+03,
       3.58471832e+02, 1.06223523e+03, 3.58640076e+02, 6.76762756e+02,
